5.92037037037037
6.383333333333334
6.960925925925926
9.528888888888888
6.227037037037037
8.520555555555555
7.091111111111111
6.583703703703704
7.5088888888888885
8.02648148148148
8.554814814814815
6.296481481481481
6.5472222222222225
5.115
5.75962962962963
5.187037037037037
6.050185185185185
6.912592592592593
4.937777777777778
5.632037037037037
4.807592592592592
5.734444444444445
5.727222222222222
5.399259259259259
5.399814814814815
4.852592592592592
5.142037037037037
6.816481481481482
4.890370370370371
5.762407407407407
4.835925925925926
4.732777777777778
4.511296296296297
4.554444444444444
4.277962962962963
4.765925925925926
4.559259259259259
4.562962962962963
4.28037037037037
4.835555555555556
4.700555555555556
4.015925925925926
4.335555555555556
4.643518518518518
4.581666666666667
4.503148148148148
3.93962962962963
4.149629629629629
4.133518518518518
4.101481481481481
4.499259259259259
3.4133333333333336
4.304814814814815
3.957962962962963
4.371851851851852
3.9166666666666665
3.9635185185185184
3.9925925925925925
4.248333333333333
3.965
4.192962962962963
3.8401851851851854
3.6566666666666667
3.4051851851851853
4.321296296296296
3.955740740740741
3.414814814814815
3.221296296296296
3.68
3.688148148148148
3.3814814814814813
3.692222222222222
2.966111111111111
3.4435185185185184
3.615740740740741
3.6148148148148147
3.2424074074074074
3.6785185185185183
3.2107407407407407
3.645185185185185
3.524814814814815
3.551851851851852
2.9457407407407405
3.033148148148148
2.987222222222222
3.5096296296296297
3.5748148148148147
3.1633333333333336
3.0253703703703705
3.2374074074074075
2.9394444444444443
3.2985185185185184
3.307777777777778
3.6
3.4096296296296296
3.1937037037037035
3.129074074074074
3.0774074074074074
3.4412962962962963
2.923703703703704
