31970
34470
37589
51456
33626
46011
38292
35552
40548
43343
46196
34001
35355
27621
31102
28010
32671
37328
26664
30413
25961
30966
30927
29156
29159
26204
27767
36809
26408
31117
26114
25557
24361
24594
23101
25736
24620
24640
23114
26112
25383
21686
23412
25075
24741
24317
21274
22408
22321
22148
24296
18432
23246
21373
23608
21150
21403
21560
22941
21411
22642
20737
19746
18388
23335
21361
18440
17395
19872
19916
18260
19938
16017
18595
19525
19520
17509
19864
17338
19684
19034
19180
15907
16379
16131
18952
19304
17082
16337
17482
15873
17812
17862
19440
18412
17246
16897
16618
18583
15788
