-21814.0
-26174.0
-28083.0
-37432.0
-22614.0
-35502.0
-29350.0
-25024.0
-29165.0
-30653.0
-38007.0
-26513.0
-24388.0
-18762.0
-19698.0
-18826.0
-22278.0
-25846.0
-17422.0
-20932.0
-16316.0
-19707.0
-17607.0
-19265.0
-19939.0
-15607.0
-17280.0
-23872.0
-17139.0
-21788.0
-17076.0
-14913.0
-16247.0
-15357.0
-12849.0
-14613.0
-14707.0
-14777.0
-13982.0
-14677.0
-16860.0
-12377.0
-13520.0
-15252.0
-14896.0
-13610.0
-12075.0
-13133.0
-13146.0
-11928.0
-14318.0
-10487.0
-13241.0
-12066.0
-13074.0
-12210.0
-12036.0
-13067.0
-13745.0
-11991.0
-11607.0
-11153.0
-11414.0
-9851.0
-13268.0
-12230.0
-9962.0
-8511.0
-10902.0
-10168.0
-9716.0
-9841.0
-7663.0
-9747.0
-11043.0
-10850.0
-8789.0
-10562.0
-8691.0
-10011.0
-9764.0
-9936.0
-7613.0
-7816.0
-7762.0
-8936.0
-8484.0
-8517.0
-8291.0
-9351.0
-7995.0
-8673.0
-9080.0
-8786.0
-9056.0
-8182.0
-7845.0
-7491.0
-8142.0
-7984.0
