8.48611111111111
10.402407407407408
9.258888888888889
9.970740740740741
7.944259259259259
6.980740740740741
8.207777777777778
5.952962962962963
5.907037037037037
6.2212962962962965
5.163888888888889
6.331851851851852
6.148333333333333
5.788333333333333
5.945555555555556
6.190740740740741
5.792037037037037
5.070185185185185
5.367407407407407
7.100925925925926
4.272037037037037
5.379814814814814
6.66962962962963
4.006851851851851
4.672037037037037
4.7901851851851855
4.501481481481481
4.322222222222222
4.184259259259259
4.303333333333334
4.999074074074074
5.580185185185186
5.08037037037037
4.253333333333333
3.964074074074074
4.5055555555555555
4.765185185185185
3.950925925925926
3.7094444444444443
4.147407407407408
4.471666666666667
3.765740740740741
4.273518518518519
3.821851851851852
3.7220370370370373
3.888333333333333
3.626851851851852
3.812777777777778
3.8846296296296297
3.8207407407407405
3.5642592592592592
3.4392592592592592
3.4264814814814817
3.49
3.636851851851852
3.220925925925926
3.2624074074074074
3.401111111111111
3.4125925925925924
3.275185185185185
3.515
3.296851851851852
3.2801851851851853
2.9505555555555554
3.1912962962962963
3.062037037037037
3.005
3.1312962962962962
3.0353703703703703
3.1175925925925925
3.0825925925925928
2.72962962962963
2.8994444444444443
3.091666666666667
2.775
2.6144444444444446
2.775
2.8696296296296295
3.0707407407407405
2.408148148148148
3.317037037037037
2.649074074074074
2.544074074074074
2.812037037037037
2.9644444444444447
2.869074074074074
2.9424074074074076
2.723148148148148
2.542962962962963
2.4546296296296295
2.677037037037037
2.565
2.386851851851852
2.4574074074074073
2.6175925925925925
2.2525925925925927
2.4137037037037037
2.79
2.765740740740741
2.3088888888888888
