-30814.0
-38206.0
-34921.0
-38202.0
-29252.0
-25000.0
-29992.0
-20357.0
-20596.0
-20607.0
-16491.0
-22787.0
-21881.0
-19332.0
-19569.0
-21145.0
-20742.0
-16880.0
-17598.0
-25030.0
-13130.0
-17787.0
-21583.0
-12000.0
-15031.0
-14100.0
-13430.0
-13380.0
-12885.0
-13085.0
-17069.0
-18333.0
-16456.0
-13024.0
-11651.0
-12328.0
-13856.0
-12214.0
-10619.0
-11490.0
-13661.0
-11399.0
-12483.0
-10605.0
-10227.0
-10449.0
-10331.0
-10741.0
-10993.0
-10695.0
-9932.0
-9368.0
-9136.0
-9546.0
-8770.0
-8106.0
-7665.0
-8956.0
-9109.0
-7825.0
-7975.0
-8422.0
-8142.0
-7796.0
-8431.0
-7980.0
-7285.0
-8054.0
-7308.0
-7634.0
-7580.0
-6495.0
-6601.0
-6924.0
-6868.0
-6151.0
-6367.0
-6760.0
-7687.0
-4988.0
-7376.0
-6165.0
-5638.0
-6403.0
-6807.0
-6293.0
-6177.0
-5890.0
-5443.0
-4687.0
-6106.0
-5138.0
-5112.0
-4845.0
-6221.0
-4731.0
-5335.0
-5899.0
-4768.0
-4919.0
